28.482888221740723 0.061066485941410065 0.9862637519836426 0.9947504172356243 0.9958277546034855 data None
29.35204243659973 0.06667466461658478 0.9862637519836426 0.9939007737824306 0.9958247930978915 data None
30.133684158325195 0.0605369471013546 0.9890109896659851 0.9937793961462601 0.9961915425316729 example None
24.536181688308716 0.06562682241201401 0.9835164546966553 0.9938097405553027 0.9958606480522587 example None
27.69088387489319 0.05504445731639862 0.9835164546966553 0.995114550144136 0.9967171046262405 example None
29.610776662826538 0.05047794431447983 0.9890109896659851 0.9949628280989229 0.9964782689839294 example None
25.368727445602417 0.056848086416721344 0.9890109896659851 0.995023516917008 0.9965529326304922 example None
28.934719562530518 0.06702946126461029 0.9862637519836426 0.9940221514186011 0.9960520163282557 example None
29.345012426376343 0.057057853788137436 0.9835164546966553 0.9946290395994538 0.9964433922319343 example None
27.544379234313965 0.06204192340373993 0.9835164546966553 0.9944469731451979 0.9962741976789754 example None
29.80213737487793 0.0695003941655159 0.9807692170143127 0.99435593991807 0.9960681290459957 None
27.771801948547363 0.05403720960021019 0.9862637519836426 0.9945683507813685 0.9965031489643805 None
27.938410758972168 0.058041881769895554 0.9862637519836426 0.9949324836898801 0.9964961869086565 None
